0 0.3519
0 0.3372
1 0.4101
2 0.462
3 0.5166
4 0.555
5 0.6021
6 0.6206
7 0.6473
8 0.6999
9 0.7006
10 0.7341
11 0.7341
12 0.7466
13 0.7538
14 0.7615
15 0.7863
16 0.7863
17 0.7863
18 0.7863
19 0.7863
20 0.8037
21 0.8037
22 0.8144
23 0.8144
24 0.8144
25 0.8144
26 0.8144
27 0.8144
28 0.8144
29 0.8144
30 0.8144
31 0.8144
32 0.8144
33 0.8144
34 0.8144
35 0.8194
36 0.8194
37 0.8194
38 0.8194
39 0.8254
40 0.8254
41 0.8254
42 0.8529
43 0.8529
44 0.8529
45 0.8529
46 0.8529
47 0.8529
48 0.8529
49 0.8529
50 0.8529
51 0.8529
52 0.8529
53 0.8529
54 0.8529
55 0.8529
56 0.8596
57 0.8596
58 0.8596
59 0.8596
60 0.8619
61 0.8619
62 0.8619
63 0.8619
64 0.8619
65 0.8619
66 0.8619
67 0.8619
68 0.8619
69 0.8619
70 0.8619
71 0.8619
72 0.8619
73 0.8619
74 0.8619
75 0.8619
76 0.8619
77 0.8619
78 0.8619
79 0.8619
80 0.8619
81 0.8619
82 0.8619
83 0.8619
84 0.8619
85 0.8657
86 0.8657
87 0.8657
88 0.8657
89 0.8657
90 0.8657
91 0.8657
92 0.8657
93 0.8657
94 0.8749
95 0.8749
96 0.8749
97 0.8749
98 0.8749
99 0.8749
100 0.8749
101 0.8803
102 0.8803
103 0.8852
104 0.8852
105 0.8852
106 0.8852
107 0.8852
108 0.8852
109 0.8852
110 0.8852
111 0.8852
112 0.8852
113 0.8852
114 0.8852
115 0.8852
116 0.8852
117 0.8852
118 0.8852
119 0.8852
120 0.8881
121 0.8881
122 0.8881
123 0.8881
124 0.8881
125 0.8946
126 0.8946
127 0.8946
128 0.8946
129 0.8975
130 0.8975
131 0.8975
132 0.8975
133 0.8975
134 0.8975
135 0.8975
136 0.8975
137 0.9003
138 0.9003
139 0.9003
140 0.9083
141 0.9083
142 0.9083
143 0.9085
144 0.9119
145 0.9119
146 0.9119
147 0.9139
148 0.9139
149 0.9139
0 0.3415
1 0.4294
2 0.4739
3 0.5023
4 0.5743
5 0.624
6 0.6961
7 0.6961
8 0.756
9 0.756
10 0.756
11 0.756
12 0.7817
13 0.7817
14 0.7817
15 0.7817
16 0.7911
17 0.8257
18 0.8257
19 0.8257
20 0.8257
21 0.8257
22 0.8257
23 0.8257
24 0.8257
25 0.8257
26 0.8257
27 0.8257
28 0.8325
29 0.8325
30 0.8325
31 0.8325
32 0.8325
33 0.8325
34 0.8325
35 0.8325
36 0.8325
37 0.8347
38 0.8347
39 0.8347
40 0.8347
41 0.8347
42 0.841
43 0.841
44 0.8507
45 0.8507
46 0.8507
47 0.8507
48 0.8507
49 0.8507
50 0.8507
51 0.8507
52 0.8507
53 0.8507
54 0.8507
55 0.8607
56 0.8607
57 0.8607
58 0.8607
59 0.8607
60 0.8607
61 0.8607
62 0.8607
63 0.8607
64 0.8607
65 0.8607
66 0.8607
67 0.8607
68 0.8607
69 0.8607
70 0.8607
71 0.8607
72 0.8676
73 0.8676
74 0.8676
75 0.8676
76 0.8676
77 0.8676
78 0.8676
79 0.8676
80 0.8693
81 0.8693
82 0.8693
83 0.8693
84 0.8693
85 0.8693
86 0.8693
87 0.8693
88 0.8693
89 0.8693
90 0.8693
91 0.8693
92 0.8693
93 0.8693
94 0.8693
95 0.8698
96 0.8698
97 0.8698
98 0.8738
99 0.8738
100 0.8738
101 0.8738
102 0.8738
103 0.8738
104 0.8738
105 0.8768
106 0.8768
107 0.8768
108 0.8793
109 0.8793
110 0.8793
111 0.8869
112 0.8869
113 0.8869
114 0.8869
115 0.8869
116 0.8869
117 0.8869
118 0.8869
119 0.8869
120 0.8869
121 0.8869
122 0.8869
123 0.8928
124 0.8949
125 0.8949
126 0.8949
127 0.8949
128 0.8949
129 0.8949
130 0.8951
131 0.896
132 0.8988
133 0.8988
134 0.9036
135 0.9036
136 0.9036
137 0.9036
138 0.9036
139 0.9036
140 0.9036
141 0.9036
142 0.9046
143 0.9046
144 0.9046
145 0.9046
146 0.9073
147 0.9073
148 0.9126
149 0.916
0 0.3348
1 0.4537
2 0.5358
3 0.5895
4 0.5895
5 0.666
6 0.6839
7 0.697
8 0.697
9 0.7638
10 0.7638
11 0.7737
12 0.7782
13 0.7782
14 0.7782
15 0.7782
16 0.7782
17 0.7782
18 0.7969
19 0.801
20 0.801
21 0.801
22 0.801
23 0.801
24 0.8169
25 0.8169
26 0.8169
27 0.8169
28 0.8292
29 0.8292
30 0.8305
31 0.8305
32 0.8305
33 0.8305
34 0.8305
35 0.8305
36 0.8305
37 0.8305
38 0.8305
39 0.8305
40 0.8305
41 0.8305
42 0.8305
43 0.8305
44 0.8305
45 0.8305
46 0.8305
47 0.8374
48 0.8374
49 0.8374
50 0.8374
51 0.8407
52 0.8407
53 0.8407
54 0.8545
55 0.8545
56 0.8545
57 0.8545
58 0.8545
59 0.8545
60 0.8594
61 0.8594
62 0.8594
63 0.8594
64 0.8594
65 0.8594
66 0.8594
67 0.8594
68 0.8594
69 0.8594
70 0.8594
71 0.8594
72 0.8594
73 0.8842
74 0.8842
75 0.8842
76 0.8842
77 0.8842
78 0.8842
79 0.8842
80 0.8842
81 0.8842
82 0.8842
83 0.8842
84 0.8842
85 0.8842
86 0.8842
87 0.8842
88 0.8842
89 0.8842
90 0.8842
91 0.8842
92 0.8842
93 0.8842
94 0.8842
95 0.8842
96 0.8842
97 0.8842
98 0.8842
99 0.8842
100 0.8842
101 0.8842
102 0.8842
103 0.8842
104 0.8842
105 0.8842
106 0.8842
107 0.8842
108 0.8842
109 0.8842
110 0.8842
111 0.8842
112 0.8842
113 0.8842
114 0.8887
115 0.891
116 0.891
117 0.891
118 0.8924
119 0.8924
120 0.8924
121 0.8924
122 0.8924
123 0.8924
124 0.8924
125 0.8924
126 0.8924
127 0.8924
128 0.8924
129 0.8945
130 0.8945
131 0.8945
132 0.8945
133 0.906
134 0.906
135 0.906
136 0.906
137 0.906
138 0.906
139 0.906
140 0.906
141 0.906
142 0.911
143 0.911
144 0.911
145 0.911
146 0.911
147 0.911
148 0.911
149 0.911
0 0.3329
1 0.3876
2 0.4424
3 0.4566
4 0.5101
5 0.5737
6 0.5932
7 0.6525
8 0.6525
9 0.6525
10 0.7327
11 0.7327
12 0.7327
13 0.7731
14 0.7731
15 0.7731
16 0.7731
17 0.774
18 0.774
19 0.8114
20 0.8114
21 0.8114
22 0.8114
23 0.8114
24 0.8114
25 0.8114
26 0.8114
27 0.8203
28 0.8203
29 0.8203
30 0.8203
31 0.8203
32 0.8203
33 0.8203
34 0.8203
35 0.8203
36 0.8203
37 0.8203
38 0.8203
39 0.8203
40 0.8203
41 0.8306
42 0.8306
43 0.8306
44 0.8342
45 0.8342
46 0.8342
47 0.8373
48 0.8373
49 0.8373
50 0.8373
51 0.8373
52 0.8373
53 0.8373
54 0.8468
55 0.8468
56 0.8468
57 0.8468
58 0.8468
59 0.8468
60 0.8468
61 0.8481
62 0.8481
63 0.8481
64 0.8481
65 0.8525
66 0.8525
67 0.8525
68 0.8525
69 0.8525
70 0.8525
71 0.8525
72 0.8525
73 0.8525
74 0.8606
75 0.8606
76 0.8606
77 0.8606
78 0.8606
79 0.8606
80 0.8606
81 0.8628
82 0.8628
83 0.8628
84 0.8628
85 0.8628
86 0.8628
87 0.8628
88 0.8628
89 0.8628
90 0.8628
91 0.8628
92 0.8628
93 0.8628
94 0.8701
95 0.8701
96 0.8701
97 0.8701
98 0.8701
99 0.8701
100 0.8701
101 0.8701
102 0.8701
103 0.8701
104 0.8701
105 0.8701
106 0.8701
107 0.8701
108 0.8701
109 0.8701
110 0.8707
111 0.8707
112 0.8707
113 0.8707
114 0.8707
115 0.8783
116 0.8783
117 0.8783
118 0.8783
119 0.8783
120 0.885
121 0.885
122 0.8868
123 0.8868
124 0.8868
125 0.8868
126 0.8868
127 0.8868
128 0.8868
129 0.8868
130 0.8868
131 0.8884
132 0.8884
133 0.8884
134 0.8884
135 0.8884
136 0.8884
137 0.9037
138 0.9037
139 0.9037
140 0.9037
141 0.9037
142 0.9037
143 0.9037
144 0.9037
145 0.9052
146 0.9101
147 0.9101
148 0.9101
149 0.9101
0 0.3796
1 0.447
2 0.447
3 0.5465
4 0.5966
5 0.6054
6 0.6726
7 0.6726
8 0.7041
9 0.7041
10 0.7041
11 0.7434
12 0.7434
13 0.7493
14 0.7493
15 0.7656
16 0.7656
17 0.7812
18 0.7812
19 0.7812
20 0.7812
21 0.7812
22 0.7894
23 0.7894
24 0.7968
25 0.7981
26 0.7981
27 0.7981
28 0.7981
29 0.7981
30 0.8143
31 0.8147
32 0.8147
33 0.8147
34 0.8147
35 0.8147
36 0.8147
37 0.8147
38 0.8147
39 0.8289
40 0.8289
41 0.8289
42 0.8289
43 0.8289
44 0.8289
45 0.8289
46 0.8289
47 0.8289
48 0.8291
49 0.8291
50 0.8291
51 0.8291
52 0.8291
53 0.8291
54 0.848
55 0.848
56 0.848
57 0.848
58 0.848
59 0.848
60 0.848
61 0.848
62 0.848
63 0.848
64 0.848
65 0.848
66 0.848
67 0.848
68 0.848
69 0.848
70 0.848
71 0.848
72 0.848
73 0.848
74 0.848
75 0.848
76 0.848
77 0.848
78 0.848
79 0.848
80 0.848
81 0.858
82 0.858
83 0.858
84 0.858
85 0.858
86 0.858
87 0.858
88 0.858
89 0.858
90 0.858
91 0.858
92 0.858
93 0.8589
94 0.8589
95 0.8589
96 0.8589
97 0.8589
98 0.869
99 0.869
100 0.869
101 0.869
102 0.869
103 0.869
104 0.869
105 0.869
106 0.869
107 0.869
108 0.869
109 0.869
110 0.869
111 0.8694
112 0.8694
113 0.8694
114 0.8777
115 0.8777
116 0.8777
117 0.8777
118 0.8779
119 0.8779
120 0.8779
121 0.8779
122 0.8779
123 0.8779
124 0.8779
125 0.8836
126 0.8836
127 0.8836
128 0.8836
129 0.8836
130 0.8836
131 0.8836
132 0.8836
133 0.8836
134 0.8836
135 0.8927
136 0.8927
137 0.8927
138 0.8927
139 0.8927
140 0.8927
141 0.8927
142 0.8927
143 0.8958
144 0.9028
145 0.9028
146 0.9028
147 0.9028
148 0.9084
149 0.9084
0 0.2973
1 0.4139
2 0.474
3 0.509
4 0.5532
5 0.5532
6 0.6364
7 0.6574
8 0.6644
9 0.6644
10 0.6728
11 0.7187
12 0.721
13 0.7452
14 0.7452
15 0.7452
16 0.7452
17 0.7452
18 0.7452
19 0.756
20 0.7657
21 0.7657
22 0.7657
23 0.7657
24 0.7657
25 0.7817
26 0.7817
27 0.7817
28 0.7817
29 0.7817
30 0.7822
31 0.7822
32 0.7822
33 0.7822
34 0.8002
35 0.8032
36 0.8068
37 0.8068
38 0.8068
39 0.8068
40 0.8189
41 0.8189
42 0.8189
43 0.8189
44 0.8189
45 0.8189
46 0.8189
47 0.8189
48 0.8189
49 0.8189
50 0.8189
51 0.8219
52 0.8219
53 0.8219
54 0.8219
55 0.8219
56 0.8219
57 0.8219
58 0.8219
59 0.8219
60 0.8219
61 0.8219
62 0.8219
63 0.8309
64 0.8323
65 0.8323
66 0.8323
67 0.8323
68 0.8323
69 0.8323
70 0.8323
71 0.8323
72 0.8323
73 0.8323
74 0.8455
75 0.8455
76 0.8455
77 0.8455
78 0.8455
79 0.8455
80 0.8455
81 0.8455
82 0.8455
83 0.8455
84 0.8455
85 0.8455
86 0.8455
87 0.8455
88 0.8455
89 0.8483
90 0.8483
91 0.8559
92 0.8559
93 0.8559
94 0.8559
95 0.8559
96 0.8559
97 0.8559
98 0.8559
99 0.8559
100 0.8559
101 0.8559
102 0.8559
103 0.8651
104 0.8651
105 0.8651
106 0.8651
107 0.8651
108 0.8651
109 0.8651
110 0.8651
111 0.8651
112 0.8651
113 0.8651
114 0.8651
115 0.8651
116 0.8651
117 0.8651
118 0.8651
119 0.8651
120 0.8651
121 0.8651
122 0.8651
123 0.8651
124 0.8651
125 0.8651
126 0.8651
127 0.8651
128 0.8651
129 0.8651
130 0.8651
131 0.866
132 0.866
133 0.8713
134 0.8713
135 0.8713
136 0.8721
137 0.8796
138 0.8796
139 0.8796
140 0.8851
141 0.8851
142 0.888
143 0.888
144 0.8913
145 0.8913
146 0.8913
147 0.8913
148 0.8966
149 0.8966
0 0.3664
1 0.4233
2 0.4603
3 0.4603
4 0.5363
5 0.5835
6 0.6047
7 0.6229
8 0.6422
9 0.6422
10 0.6422
11 0.6478
12 0.6711
13 0.6711
14 0.6807
15 0.7413
16 0.7413
17 0.7413
18 0.7413
19 0.7413
20 0.7413
21 0.7413
22 0.7413
23 0.7413
24 0.7413
25 0.7413
26 0.7446
27 0.7446
28 0.7447
29 0.7658
30 0.782
31 0.782
32 0.782
33 0.782
34 0.782
35 0.782
36 0.7976
37 0.7976
38 0.7976
39 0.7976
40 0.7976
41 0.7976
42 0.7976
43 0.7976
44 0.7976
45 0.7979
46 0.7979
47 0.7979
48 0.7979
49 0.7979
50 0.7979
51 0.7979
52 0.7979
53 0.7979
54 0.7979
55 0.8181
56 0.8181
57 0.8181
58 0.8181
59 0.8181
60 0.8181
61 0.8181
62 0.8181
63 0.8181
64 0.8181
65 0.8181
66 0.8181
67 0.8181
68 0.8181
69 0.8181
70 0.8181
71 0.8181
72 0.8181
73 0.8181
74 0.823
75 0.8298
76 0.8298
77 0.8298
78 0.8298
79 0.8298
80 0.8298
81 0.8298
82 0.8298
83 0.8326
84 0.8326
85 0.8326
86 0.8326
87 0.8361
88 0.8361
89 0.8361
90 0.8361
91 0.8361
92 0.8361
93 0.8361
94 0.8361
95 0.8379
96 0.8379
97 0.8379
98 0.8379
99 0.8379
100 0.8379
101 0.8379
102 0.8379
103 0.8379
104 0.8379
105 0.8379
106 0.8379
107 0.8379
108 0.8519
109 0.8521
110 0.8521
111 0.8521
112 0.8521
113 0.8521
114 0.8521
115 0.8521
116 0.8521
117 0.8521
118 0.8521
119 0.8521
120 0.8521
121 0.8521
122 0.8521
123 0.8521
124 0.8521
125 0.8521
126 0.8521
127 0.8521
128 0.8665
129 0.8665
130 0.8665
131 0.8665
132 0.8665
133 0.8665
134 0.8665
135 0.8665
136 0.8665
137 0.8665
138 0.8665
139 0.8665
140 0.8665
141 0.8693
142 0.8693
143 0.8728
144 0.8728
145 0.8728
146 0.8776
147 0.8776
148 0.8778
149 0.8778
